0000000000000000000000000000000000000000000000000000000000000000000000
0000000000000000000000000000000000000000110001100011000110001100011000
0001100011000110001100011000110000000011000110001100011000110001100000
0000011000110001100011000110001100000011000110001100011000110001100000
0000011000110001100011000110001100000000110001100011000110001100011000
0001100011000110001100011000110000000000000000000000000000000000000000
0000000000000000000000000000000000000000000000000000000000000000000000





